<?xml version="1.0" encoding="UTF-8" standalone="no"?>
<!-- Created with Inkscape (http://www.inkscape.org/) -->

<svg
   width="84.303711mm"
   height="12.216244mm"
   viewBox="0 0 84.303711 12.216244"
   version="1.1"
   id="svg1"
   xml:space="preserve"
   xmlns="http://www.w3.org/2000/svg"
   xmlns:svg="http://www.w3.org/2000/svg"><defs
     id="defs1"><filter
       style="color-interpolation-filters:sRGB"
       id="filter8"
       x="-0.067373198"
       y="-0.09142877"
       width="1.1347464"
       height="1.1828575"><feGaussianBlur
         stdDeviation="2.6554371"
         id="feGaussianBlur8" /></filter><filter
       style="color-interpolation-filters:sRGB"
       id="filter92"
       x="-0.0080467844"
       y="-0.062026726"
       width="1.0160936"
       height="1.1240535"><feGaussianBlur
         stdDeviation="0.30839233"
         id="feGaussianBlur92" /></filter><filter
       style="color-interpolation-filters:sRGB"
       id="filter95"
       x="-0.0068257251"
       y="-0.049598052"
       width="1.0136515"
       height="1.0991961"><feGaussianBlur
         stdDeviation="0.2163658"
         id="feGaussianBlur95" /></filter><filter
       style="color-interpolation-filters:sRGB"
       id="filter65"
       x="-0.026394439"
       y="-0.26455742"
       width="1.0527889"
       height="1.5291148"><feGaussianBlur
         stdDeviation="0.88065666"
         id="feGaussianBlur65" /></filter></defs><g
     id="layer1"
     transform="translate(-38.906323,-162.39816)"><g
       id="g96"
       transform="translate(62.741248,21.161249)"><path
         style="opacity:0.893643;mix-blend-mode:normal;fill:#000000;fill-opacity:1;stroke:none;stroke-width:0.285845;filter:url(#filter8)"
         d="m 104.34961,137.81641 c 0,0 -4.20493,2.45799 -5.845704,4.48828 -1.828891,2.26306 -2.420446,4.66228 -4.177734,6.16601 -2.321475,1.98652 -5.896579,-0.53666 -8.845703,-0.4082 -3.376736,0.14708 -6.815669,1.72966 -10.083985,1.34766 -3.280062,-0.38338 -5.327299,-1.97034 -8.476562,-0.89844 -1.591801,0.5418 -3.212994,2.6654 -5.582031,2.71875 -1.408433,0.0317 -3.828125,0.94531 -3.828125,0.94531 0,0 -1.106924,24.61648 0.410156,36.58399 0.96713,7.62923 17.45409,10.27029 17.162109,9.04882 0,0 5.864953,2.69985 10.705078,2.62696 4.76845,-0.0718 13.232422,-1.32227 13.232422,-1.32227 l 5.005859,8.4082 0.39063,-0.51757 0.39257,0.51757 5.00391,-8.4082 c 0,0 8.46592,1.25047 13.23438,1.32227 4.84012,0.0729 10.70507,-2.62696 10.70507,-2.62696 -0.29198,1.22147 16.19498,-1.41959 17.16211,-9.04882 1.51708,-11.96751 0.40821,-36.58399 0.40821,-36.58399 0,0 -2.41774,-0.91361 -3.82618,-0.94531 -2.36903,-0.0533 -3.99023,-2.17695 -5.58203,-2.71875 -3.14926,-1.0719 -5.19845,0.51506 -8.47851,0.89844 -3.26832,0.382 -6.7053,-1.20058 -10.08203,-1.34766 -2.94913,-0.12846 -6.52619,2.39472 -8.84766,0.4082 -1.75729,-1.50373 -2.34884,-3.90295 -4.17773,-6.16601 -1.64078,-2.03029 -5.84375,-4.48828 -5.84375,-4.48828 0,0 -0.0242,0.0146 -0.0684,0.043 -0.0442,-0.0283 -0.0664,-0.043 -0.0664,-0.043 z"
         id="path8"
         transform="matrix(1,0,0,0.76492784,7.0878621,44.51132)" /><g
         id="g86"
         transform="translate(15.135365,76.777989)"
         style="fill:#ffffff;fill-opacity:1"><path
           style="fill:#ffffff;fill-opacity:1"
           d="m 97.566205,120.15673 c -0.627733,-0.69363 -0.02541,-2.06815 1.217283,-2.77788 1.664302,-0.95053 4.912542,-1.69191 7.408312,-1.69089 1.31915,5.4e-4 3.60823,0.19207 5.99631,0.50172 9.30036,1.20593 9.10141,1.19457 11.90069,0.67958 1.08813,-0.20018 2.29364,-0.33829 2.74686,-0.3147 0.80165,0.0417 0.79512,0.0446 -0.87069,0.37742 -2.29439,0.45846 -2.46992,0.55432 -1.03435,0.5649 2.69912,0.0199 7.02264,-0.48006 8.47606,-0.98011 0.836,-0.28762 1.02917,-0.26801 0.74404,0.0756 -0.45132,0.54381 -5.05748,1.56146 -7.74642,1.71143 -0.83535,0.0466 -2.59766,0.005 -3.91627,-0.0931 -2.08465,-0.1546 -2.57082,-0.14946 -3.72619,0.0394 -0.7308,0.11948 -1.65514,0.25799 -2.05408,0.3078 -0.51246,0.064 -0.70489,0.14387 -0.65566,0.27215 0.13902,0.36229 -0.32102,1.14018 -0.78891,1.33399 -0.38704,0.16032 -0.50918,0.15867 -0.80762,-0.0109 -0.50538,-0.2871 -0.69756,-0.63715 -0.4723,-0.86027 0.14655,-0.14515 0.20631,-0.13275 0.3185,0.0661 0.16892,0.29936 0.58854,0.31812 0.82206,0.0367 0.40083,-0.48296 0.0947,-0.58644 -1.97916,-0.66905 -2.1322,-0.0849 -3.15049,-0.25293 -4.16252,-0.68674 l -0.62657,-0.26857 0.255,0.28176 c 0.14025,0.15497 0.54625,0.38884 0.90223,0.51971 1.07949,0.39686 1.02838,0.5137 -0.187,0.42756 -0.91411,-0.0648 -1.29729,-0.17199 -2.13572,-0.59756 -0.56195,-0.28523 -1.05497,-0.48538 -1.09558,-0.44476 -0.10744,0.10744 0.33812,0.51936 1.05083,0.97148 0.56051,0.35557 0.58637,0.39446 0.26235,0.39446 -0.56476,0 -1.34934,-0.32782 -2.58485,-1.08002 -1.38537,-0.84343 -2.13573,-1.06901 -3.30772,-0.99438 -1.525933,0.0972 -3.453523,1.26343 -3.453523,2.08952 0,0.41522 0.421004,0.5032 0.708571,0.14807 0.325453,-0.40192 0.410361,-0.38229 0.410361,0.0949 0,0.79276 -1.071698,1.17427 -1.614324,0.57467 z m 16.658345,-2.1658 c -0.71201,-0.53854 -3.73112,-1.27969 -4.68028,-1.14893 -0.31387,0.0432 -0.23962,0.11026 0.54585,0.49278 0.92618,0.45104 2.64179,0.83869 3.77639,0.8533 0.58262,0.008 0.60923,-0.007 0.35804,-0.19715 z m 3.04595,-0.0142 c 0.90111,-0.12351 0.69638,-0.2856 -0.5012,-0.39682 -0.55803,-0.0518 -1.1328,-0.12797 -1.27729,-0.16923 -0.25702,-0.0734 -0.25702,-0.0672 0,0.28537 0.28295,0.38817 0.61358,0.44035 1.77849,0.28068 z"
           id="path64" /><path
           style="fill:#ffffff;fill-opacity:1"
           d="m 93.751663,120.3473 c -0.242976,-0.0972 -0.459511,-0.68424 -0.353904,-0.95945 0.07191,-0.18738 0.121662,-0.17765 0.351191,0.0687 0.539722,0.57933 0.939525,0.22185 0.58064,-0.51917 -0.237088,-0.48954 -0.882553,-0.94887 -1.996407,-1.42071 -0.638563,-0.2705 -0.937925,-0.31316 -1.83368,-0.26131 -1.122053,0.065 -1.38794,0.16866 -3.275602,1.27761 -0.903724,0.53091 -2.309757,1.01282 -2.309757,0.79165 0,-0.0627 0.267572,-0.27072 0.594603,-0.46238 0.649312,-0.38052 1.222845,-0.93692 0.965775,-0.93692 -0.08876,0 -0.60582,0.2265 -1.14903,0.50334 -0.830042,0.42301 -1.170453,0.51389 -2.133133,0.56946 l -1.145478,0.0661 1.014032,-0.5057 c 0.557718,-0.27814 1.014032,-0.56715 1.014032,-0.64224 0,-0.0751 -0.252481,-0.008 -0.561069,0.1497 -0.733887,0.3744 -2.917776,0.69665 -4.728182,0.69769 l -1.442922,8.2e-4 0.04426,0.38464 c 0.03268,0.28404 0.132395,0.39708 0.381282,0.43225 0.202178,0.0286 0.386835,-0.0414 0.461516,-0.17483 0.183816,-0.32847 0.390324,-0.27022 0.390324,0.11008 0,0.44723 -0.341665,0.70247 -0.940328,0.70247 -0.599289,0 -1.15767,-0.56278 -1.15767,-1.16679 0,-0.36664 -0.04914,-0.40248 -0.664366,-0.48458 -0.365401,-0.0488 -1.309374,-0.18949 -2.097718,-0.31274 -1.213764,-0.18975 -1.728743,-0.20003 -3.361489,-0.0671 -3.576989,0.29125 -5.372445,0.17004 -9.092509,-0.61382 -1.598612,-0.33685 -3.106431,-0.9094 -3.106431,-1.17958 0,-0.18307 -0.09399,-0.19602 0.979065,0.13489 0.500023,0.1542 1.475592,0.37101 2.167931,0.48181 1.609282,0.25754 5.463209,0.53058 6.64366,0.47069 l 0.909132,-0.0461 -1.538532,-0.3194 c -2.362002,-0.49036 -2.543157,-0.55838 -1.53261,-0.57545 0.464817,-0.008 1.660675,0.14273 2.657464,0.33462 2.686392,0.51718 2.441515,0.53058 11.463133,-0.62764 5.555702,-0.71325 8.134346,-0.71087 10.839655,0.01 3.000959,0.79967 4.475728,1.85374 4.475728,3.19898 0,0.73881 -0.765338,1.18932 -1.512603,0.89037 z m -13.383181,-2.3697 c 1.278007,-0.23152 3.238062,-1.0022 2.884767,-1.13426 -0.292713,-0.10942 -2.63725,0.24174 -3.584099,0.53682 -0.46156,0.14384 -1.028019,0.38787 -1.258799,0.5423 l -0.419599,0.28077 0.559466,10e-4 c 0.307706,6.6e-4 1.125925,-0.10141 1.818264,-0.22684 z m -3.276277,-0.27837 0.339081,-0.36598 -0.4196,0.0788 c -0.23078,0.0434 -0.765769,0.11819 -1.188865,0.16629 -1.188492,0.13511 -1.437604,0.25096 -0.769266,0.35774 1.248234,0.19943 1.680983,0.14914 2.03865,-0.2369 z"
           id="path63" /><path
           style="fill:#ffffff;fill-opacity:1"
           d="m 96.34314,125.618 c -0.04866,-0.11539 -0.143099,-1.80762 -0.209857,-3.76052 l -0.121378,-3.55072 -0.377735,-0.27516 c -0.441467,-0.32158 -0.789723,-0.93649 -0.78898,-1.39308 9.01e-4,-0.55436 0.4995,-1.20121 1.0412,-1.35078 1.026184,-0.28335 1.895474,0.26705 1.895474,1.20013 0,0.4848 -0.40287,1.01787 -0.769266,1.01787 -0.228828,0 -0.289184,-0.22784 -0.08028,-0.30304 0.263478,-0.0948 0.317351,-0.76863 0.0804,-1.00558 -0.354985,-0.35499 -1.104901,-0.29871 -1.317687,0.0989 -0.291266,0.54424 -0.1407,0.97082 0.443395,1.25623 l 0.5245,0.25629 -0.01225,3.31031 c -0.01196,3.23066 -0.127799,4.92537 -0.307538,4.49917 z"
           id="path62" /></g><g
         id="g87"
         style="fill:#ffffff;fill-opacity:1"
         transform="translate(7.0878621,10.238022)"><path
           style="fill:#ffffff;fill-opacity:1"
           d="m 102.53733,144.34352 c 0,-0.0647 0.26263,-0.25152 0.58363,-0.41529 0.41693,-0.21269 0.73807,-0.27703 1.12426,-0.22523 0.53346,0.0716 1.42248,0.53317 1.15651,0.60052 -0.41467,0.10499 -2.8644,0.1392 -2.8644,0.04 z"
           id="path37" /><path
           style="fill:#ffffff;fill-opacity:1"
           d="m 102.04756,145.32482 c 0.0559,-0.18439 0.15373,-0.39131 0.21744,-0.45982 0.0637,-0.0685 0.86817,-0.15555 1.78768,-0.19342 1.60221,-0.066 1.67853,-0.0563 1.8326,0.23154 0.20214,0.3777 0.16664,0.38969 -1.45976,0.49309 -0.69234,0.044 -1.53347,0.12139 -1.86918,0.17194 -0.59465,0.0896 -0.60776,0.0833 -0.50878,-0.24333 z"
           id="path36" /><path
           style="fill:#ffffff;fill-opacity:1"
           d="m 104.35559,145.6131 c 1.12079,-0.15493 1.6784,-0.15299 1.6784,0.006 0,0.0841 -0.48806,0.13202 -1.22383,0.12018 -1.17577,-0.0189 -1.19362,-0.0239 -0.45457,-0.12604 z"
           id="path35" /><path
           style="fill:#ffffff;fill-opacity:1"
           d="m 102.43243,146.5089 c -0.20307,-0.0453 -0.3147,-0.17345 -0.3147,-0.36129 0,-0.28116 0.0466,-0.28802 1.36369,-0.2008 0.75004,0.0497 1.64468,0.0906 1.98811,0.091 0.56338,6.5e-4 0.60326,0.0219 0.40809,0.21704 -0.15925,0.15925 -0.60068,0.23054 -1.6734,0.27026 -0.8014,0.0297 -1.59871,0.0224 -1.77179,-0.0162 z"
           id="path34" /><path
           style="fill:#ffffff;fill-opacity:1"
           d="m 102.89853,147.17469 c -0.22443,-0.0479 -0.43423,-0.1658 -0.46622,-0.26196 -0.0441,-0.13246 0.29783,-0.17483 1.41065,-0.17483 0.80785,0 1.56837,-0.0382 1.69006,-0.0849 0.30219,-0.11596 0.28147,0.184 -0.0235,0.34057 -0.32659,0.16764 -2.09843,0.29056 -2.61096,0.18112 z"
           id="path33" /><path
           style="fill:#ffffff;fill-opacity:1"
           d="m 79.039751,152.95139 c -2.168275,-0.24402 -4.540835,-0.85641 -6.76331,-1.74571 -0.758146,-0.30336 -1.584489,-0.55157 -1.836317,-0.55157 -0.708211,0 -3.306288,0.48677 -5.317092,0.9962 -1.587101,0.40208 -2.049428,0.46114 -3.636529,0.46456 -1.672522,0.004 -1.873522,-0.0244 -2.507638,-0.34888 -1.007643,-0.51567 -0.961375,-0.72075 0.08739,-0.38736 1.098069,0.34907 2.603673,0.36458 4.028713,0.0415 1.552054,-0.35187 4.484097,-1.13888 4.965261,-1.33276 l 0.4196,-0.16907 -0.489533,-0.13539 c -0.74364,-0.20566 -1.900111,-0.0635 -2.382063,0.29282 l -0.415268,0.30702 v -0.41426 c 0,-1.07266 1.735334,-1.37511 3.814308,-0.6648 0.9669,0.33035 1.298929,0.37162 3.00713,0.37379 1.885193,0.002 3.35781,0.17493 5.250729,0.61517 0.524028,0.12188 0.978219,0.22159 1.009315,0.22159 0.0311,0 -0.0626,-0.20455 -0.208223,-0.45456 -0.248964,-0.42745 -0.530623,-1.50357 -0.393537,-1.50357 0.0345,0 0.311762,0.23603 0.61613,0.5245 0.57861,0.5484 1.503336,0.94419 2.569198,1.09964 l 0.6294,0.0918 -0.377214,-0.4034 c -0.365077,-0.39042 -0.811652,-1.27388 -0.811652,-1.6057 0,-0.0892 0.204555,0.003 0.454566,0.20584 0.991219,0.80271 2.438186,1.33286 3.951229,1.44768 l 0.979066,0.0743 -0.387427,-0.31008 c -0.405209,-0.3243 -0.87608,-1.09655 -0.747198,-1.22543 0.04118,-0.0412 0.3651,0.0616 0.719828,0.2283 1.32489,0.62277 2.20518,0.75143 4.610793,0.67387 3.68573,-0.11882 5.142812,-0.6372 7.199549,-2.56133 1.237674,-1.15788 1.699592,-1.45691 2.250546,-1.45691 0.198201,0 0.270627,0.0973 0.270627,0.36365 0,0.44063 0.769102,1.25672 1.313012,1.39324 0.49176,0.12342 0.53857,0.0588 0.34985,-0.48255 -0.17394,-0.49894 -0.0436,-0.78572 0.17755,-0.3906 0.5283,0.94402 2.04155,2.00384 2.37914,1.66624 0.13643,-0.13642 0.10997,-0.17225 -0.12719,-0.17225 -0.1647,0 -0.33836,-0.0629 -0.3859,-0.13986 -0.0542,-0.0878 0.24217,-0.13803 0.79598,-0.13492 0.82934,0.005 0.86139,0.0167 0.53275,0.19969 -0.30937,0.17229 -0.32117,0.20579 -0.10238,0.29071 0.53608,0.20807 1.60293,-0.56127 1.91175,-1.37862 0.20814,-0.5509 0.1854,-1.13604 -0.0677,-1.74181 -0.31323,-0.74967 -0.71756,-1.12618 -1.72085,-1.60245 -0.6941,-0.32949 -0.93111,-0.52407 -1.08397,-0.88992 -0.22882,-0.54765 -0.25459,-1.1236 -0.0558,-1.24648 0.0769,-0.0475 0.13987,-0.022 0.13987,0.0568 0,0.31385 0.87507,1.13206 1.21073,1.13206 0.40762,0 1.80199,1.41889 2.17736,2.21564 0.29634,0.629 0.31553,1.54903 0.0458,2.19465 -0.1919,0.45928 -0.18782,0.48504 0.0769,0.48504 0.70015,0 1.52445,-0.73768 1.52445,-1.36425 0,-0.17761 0.0945,-0.35921 0.21011,-0.40356 0.43627,-0.16741 0.94882,0.13044 2.20084,1.27894 2.21413,2.03108 3.64251,2.56441 7.20256,2.6893 2.35311,0.0825 3.37182,-0.0504 4.62183,-0.60323 0.42085,-0.18613 0.82251,-0.33841 0.89257,-0.33841 0.19024,0 -0.13801,0.5684 -0.62601,1.08397 l -0.43025,0.45457 h 0.62468 c 1.26588,0 3.43877,-0.77747 4.22062,-1.51016 l 0.38463,-0.36044 v 0.36013 c 0,0.19808 -0.22133,0.68191 -0.49185,1.07517 -0.53841,0.78272 -0.51697,0.79997 0.65234,0.52474 0.91087,-0.21439 2.00532,-0.81239 2.21959,-1.21276 0.0811,-0.15144 0.20929,-0.27535 0.28497,-0.27535 0.17671,0 0.0391,0.61097 -0.29744,1.3211 -0.14386,0.30351 -0.23887,0.57453 -0.21113,0.60227 0.0277,0.0277 0.41931,-0.0449 0.87015,-0.16145 1.59439,-0.41214 3.49944,-0.64187 5.32745,-0.64242 1.63293,-5e-4 1.97797,-0.044 2.9372,-0.37068 2.01398,-0.68579 3.50931,-0.47106 3.87531,0.5565 0.17948,0.50391 0.003,0.62221 -0.38417,0.25811 -0.18484,-0.17365 -0.59712,-0.34027 -0.96761,-0.39105 -0.75128,-0.10297 -2.01651,0.0535 -1.83813,0.22727 0.18932,0.18447 4.73602,1.38124 6.08223,1.60094 1.47095,0.24006 2.65478,0.11568 3.97007,-0.41711 0.27459,-0.11123 0.27491,-0.10783 0.0178,0.18511 -0.51421,0.58592 -1.408,0.7989 -3.30471,0.78747 -1.49346,-0.009 -1.99865,-0.0757 -3.4655,-0.45759 -1.83837,-0.47861 -4.66162,-1.00047 -5.41251,-1.00047 -0.25203,0 -0.82797,0.16514 -1.27987,0.36697 -1.10321,0.49274 -3.90224,1.3622 -5.3673,1.66724 -1.45101,0.30211 -4.85968,0.3425 -6.49556,0.077 -1.48606,-0.24122 -3.3399,-0.86577 -5.05429,-1.70275 -0.77524,-0.37849 -1.55,-0.68815 -1.72169,-0.68815 -0.63795,0 -3.40515,-0.7048 -4.41059,-1.12337 -0.57203,-0.23813 -1.67542,-0.86955 -2.45198,-1.40314 -0.77656,-0.53358 -1.46578,-0.97016 -1.5316,-0.97016 -0.0658,0 -0.48885,0.16902 -0.94008,0.3756 -0.51031,0.23363 -1.09464,0.38379 -1.54588,0.39726 -0.39901,0.0119 -0.87745,0.12123 -1.0632,0.24294 -0.18575,0.12171 -0.58121,0.32303 -0.87881,0.44737 -0.60852,0.25425 -0.75545,0.42464 -0.75855,0.8796 -0.003,0.46367 -0.22194,0.38259 -0.3711,-0.13753 -0.10703,-0.37318 -0.28782,-0.5283 -1.03427,-0.88739 -0.51357,-0.24707 -1.26677,-0.47703 -1.74252,-0.53203 -0.46088,-0.0533 -1.17656,-0.25187 -1.590402,-0.44134 -0.413845,-0.18946 -0.799893,-0.34448 -0.857884,-0.34448 -0.05799,0 -0.56964,0.33815 -1.136997,0.75145 -1.198961,0.87339 -2.611758,1.60517 -3.898822,2.01946 -0.973162,0.31325 -2.879338,0.72576 -3.353695,0.72576 -0.158633,0 -0.837891,0.27592 -1.509462,0.61317 -1.596183,0.80155 -3.465107,1.45751 -4.857566,1.70489 -1.147425,0.20386 -4.090796,0.35736 -4.965261,0.25895 z m 4.307117,-0.86365 0.937877,-0.24477 -1.748332,-0.0895 c -0.961582,-0.0492 -2.78684,-0.25736 -4.056129,-0.46248 -2.89704,-0.46818 -5.239226,-0.77899 -5.795567,-0.76909 -0.394937,0.007 -0.373728,0.03 0.27084,0.29352 1.128346,0.46128 3.252051,1.08666 4.394815,1.29416 1.601459,0.2908 4.843875,0.279 5.996496,-0.0218 z m 47.876262,-0.0376 c 1.40947,-0.28723 4.13626,-1.12255 4.57229,-1.40066 0.38022,-0.24251 -1.40574,-0.0569 -5.46666,0.56817 -2.22733,0.34283 -4.09666,0.55544 -4.88367,0.55544 -0.70129,0 -1.23502,0.04 -1.18607,0.089 0.51021,0.51021 4.81309,0.62639 6.96411,0.18804 z"
           id="path32" /></g><g
         id="g14"
         transform="matrix(0.90124258,0,0,0.90124258,-8.2956609,29.283592)"
         style="stroke-width:1.10958"><text
           xml:space="preserve"
           style="font-style:normal;font-variant:normal;font-weight:normal;font-stretch:normal;font-size:6.32761px;line-height:1.5;font-family:Perpetua;-inkscape-font-specification:'Perpetua, Normal';font-variant-ligatures:normal;font-variant-caps:normal;font-variant-numeric:normal;font-variant-east-asian:normal;text-align:center;letter-spacing:0.164782px;word-spacing:0px;writing-mode:lr-tb;direction:ltr;text-orientation:upright;text-anchor:middle;opacity:1;fill:#000000;fill-opacity:1;stroke:#ffffff;stroke-width:0.055479;stroke-dasharray:none;stroke-opacity:1"
           x="132.51958"
           y="153.36755"
           id="text11"
           transform="scale(1.0012601,0.99874149)"><tspan
             id="tspan11"
             style="font-style:normal;font-variant:normal;font-weight:normal;font-stretch:normal;font-size:6.32761px;font-family:Perpetua;-inkscape-font-specification:'Perpetua, Normal';font-variant-ligatures:normal;font-variant-caps:normal;font-variant-numeric:normal;font-variant-east-asian:normal;fill:#ffffff;fill-opacity:1;stroke:#ffffff;stroke-width:0.055479;stroke-dasharray:none;stroke-opacity:1"
             x="132.60197"
             y="153.36755">A Beastly Thief</tspan></text><text
           xml:space="preserve"
           style="font-style:normal;font-variant:normal;font-weight:normal;font-stretch:normal;font-size:4.02557px;line-height:1.5;font-family:Perpetua;-inkscape-font-specification:'Perpetua, Normal';font-variant-ligatures:normal;font-variant-caps:normal;font-variant-numeric:normal;font-variant-east-asian:normal;text-align:center;letter-spacing:0.104832px;word-spacing:0px;writing-mode:lr-tb;direction:ltr;text-orientation:upright;text-anchor:middle;opacity:1;fill:#727272;fill-opacity:0.942748;stroke:none;stroke-width:0.055479;stroke-dasharray:none;stroke-opacity:1"
           x="132.68443"
           y="158.84508"
           id="text12"><tspan
             id="tspan12"
             style="font-style:normal;font-variant:normal;font-weight:normal;font-stretch:normal;font-size:4.02557px;font-family:Perpetua;-inkscape-font-specification:'Perpetua, Normal';font-variant-ligatures:normal;font-variant-caps:normal;font-variant-numeric:normal;font-variant-east-asian:normal;fill:#727272;fill-opacity:0.942748;stroke:none;stroke-width:0.055479;stroke-dasharray:none;stroke-opacity:1"
             x="132.73685"
             y="158.84508">Skittish Pilgrim</tspan></text><text
           xml:space="preserve"
           style="font-style:normal;font-variant:normal;font-weight:normal;font-stretch:normal;font-size:1.90712px;line-height:1.1;font-family:Perpetua;-inkscape-font-specification:'Perpetua, Normal';font-variant-ligatures:normal;font-variant-caps:normal;font-variant-numeric:normal;font-variant-east-asian:normal;text-align:center;letter-spacing:0.0496645px;word-spacing:0px;writing-mode:lr-tb;direction:ltr;text-orientation:upright;text-anchor:middle;white-space:pre;inline-size:27.3222;display:inline;fill:#ffffff;fill-opacity:0.942748;stroke:none;stroke-width:0.0273239;stroke-dasharray:none;stroke-opacity:1"
           x="112.16734"
           y="166.61119"
           id="text12-7"
           transform="matrix(2.0304118,0,0,2.0304118,-94.021313,-174.21248)"><tspan
             x="112.16734"
             y="166.61119"
             id="tspan2"><tspan
               style="text-align:start;text-anchor:start"
               id="tspan1">Some strange creature has taken to
</tspan></tspan><tspan
             x="112.16734"
             y="168.70903"
             id="tspan4"><tspan
               style="text-align:start;text-anchor:start"
               id="tspan3">raiding our supplies! I've never seen
</tspan></tspan><tspan
             x="112.16734"
             y="170.80687"
             id="tspan6"><tspan
   style="text-align:start;text-anchor:start"
   id="tspan5">any like it- all fleshy and pale. You'll</tspan><tspan
   y="170.80687"
   id="tspan7"> </tspan></tspan><tspan
             x="112.16734"
             y="172.90471"
             id="tspan9"><tspan
   style="text-align:start;text-anchor:start"
   id="tspan8">kill it, won't you?</tspan><tspan
   y="172.90471"
   id="tspan10"> </tspan></tspan></text></g><g
         id="g92"
         style="opacity:0.374627;fill:#ffffff;fill-opacity:1;filter:url(#filter92)"
         transform="translate(7.0878621,10.238022)"><path
           style="fill:#ffffff;fill-opacity:1"
           d="m 102.53733,144.34352 c 0,-0.0647 0.26263,-0.25152 0.58363,-0.41529 0.41693,-0.21269 0.73807,-0.27703 1.12426,-0.22523 0.53346,0.0716 1.42248,0.53317 1.15651,0.60052 -0.41467,0.10499 -2.8644,0.1392 -2.8644,0.04 z"
           id="path87" /><path
           style="fill:#ffffff;fill-opacity:1"
           d="m 102.04756,145.32482 c 0.0559,-0.18439 0.15373,-0.39131 0.21744,-0.45982 0.0637,-0.0685 0.86817,-0.15555 1.78768,-0.19342 1.60221,-0.066 1.67853,-0.0563 1.8326,0.23154 0.20214,0.3777 0.16664,0.38969 -1.45976,0.49309 -0.69234,0.044 -1.53347,0.12139 -1.86918,0.17194 -0.59465,0.0896 -0.60776,0.0833 -0.50878,-0.24333 z"
           id="path88" /><path
           style="fill:#ffffff;fill-opacity:1"
           d="m 104.35559,145.6131 c 1.12079,-0.15493 1.6784,-0.15299 1.6784,0.006 0,0.0841 -0.48806,0.13202 -1.22383,0.12018 -1.17577,-0.0189 -1.19362,-0.0239 -0.45457,-0.12604 z"
           id="path89" /><path
           style="fill:#ffffff;fill-opacity:1"
           d="m 102.43243,146.5089 c -0.20307,-0.0453 -0.3147,-0.17345 -0.3147,-0.36129 0,-0.28116 0.0466,-0.28802 1.36369,-0.2008 0.75004,0.0497 1.64468,0.0906 1.98811,0.091 0.56338,6.5e-4 0.60326,0.0219 0.40809,0.21704 -0.15925,0.15925 -0.60068,0.23054 -1.6734,0.27026 -0.8014,0.0297 -1.59871,0.0224 -1.77179,-0.0162 z"
           id="path90" /><path
           style="fill:#ffffff;fill-opacity:1"
           d="m 102.89853,147.17469 c -0.22443,-0.0479 -0.43423,-0.1658 -0.46622,-0.26196 -0.0441,-0.13246 0.29783,-0.17483 1.41065,-0.17483 0.80785,0 1.56837,-0.0382 1.69006,-0.0849 0.30219,-0.11596 0.28147,0.184 -0.0235,0.34057 -0.32659,0.16764 -2.09843,0.29056 -2.61096,0.18112 z"
           id="path91" /><path
           style="fill:#ffffff;fill-opacity:1"
           d="m 79.039751,152.95139 c -2.168275,-0.24402 -4.540835,-0.85641 -6.76331,-1.74571 -0.758146,-0.30336 -1.584489,-0.55157 -1.836317,-0.55157 -0.708211,0 -3.306288,0.48677 -5.317092,0.9962 -1.587101,0.40208 -2.049428,0.46114 -3.636529,0.46456 -1.672522,0.004 -1.873522,-0.0244 -2.507638,-0.34888 -1.007643,-0.51567 -0.961375,-0.72075 0.08739,-0.38736 1.098069,0.34907 2.603673,0.36458 4.028713,0.0415 1.552054,-0.35187 4.484097,-1.13888 4.965261,-1.33276 l 0.4196,-0.16907 -0.489533,-0.13539 c -0.74364,-0.20566 -1.900111,-0.0635 -2.382063,0.29282 l -0.415268,0.30702 v -0.41426 c 0,-1.07266 1.735334,-1.37511 3.814308,-0.6648 0.9669,0.33035 1.298929,0.37162 3.00713,0.37379 1.885193,0.002 3.35781,0.17493 5.250729,0.61517 0.524028,0.12188 0.978219,0.22159 1.009315,0.22159 0.0311,0 -0.0626,-0.20455 -0.208223,-0.45456 -0.248964,-0.42745 -0.530623,-1.50357 -0.393537,-1.50357 0.0345,0 0.311762,0.23603 0.61613,0.5245 0.57861,0.5484 1.503336,0.94419 2.569198,1.09964 l 0.6294,0.0918 -0.377214,-0.4034 c -0.365077,-0.39042 -0.811652,-1.27388 -0.811652,-1.6057 0,-0.0892 0.204555,0.003 0.454566,0.20584 0.991219,0.80271 2.438186,1.33286 3.951229,1.44768 l 0.979066,0.0743 -0.387427,-0.31008 c -0.405209,-0.3243 -0.87608,-1.09655 -0.747198,-1.22543 0.04118,-0.0412 0.3651,0.0616 0.719828,0.2283 1.32489,0.62277 2.20518,0.75143 4.610793,0.67387 3.68573,-0.11882 5.142812,-0.6372 7.199549,-2.56133 1.237674,-1.15788 1.699592,-1.45691 2.250546,-1.45691 0.198201,0 0.270627,0.0973 0.270627,0.36365 0,0.44063 0.769102,1.25672 1.313012,1.39324 0.49176,0.12342 0.53857,0.0588 0.34985,-0.48255 -0.17394,-0.49894 -0.0436,-0.78572 0.17755,-0.3906 0.5283,0.94402 2.04155,2.00384 2.37914,1.66624 0.13643,-0.13642 0.10997,-0.17225 -0.12719,-0.17225 -0.1647,0 -0.33836,-0.0629 -0.3859,-0.13986 -0.0542,-0.0878 0.24217,-0.13803 0.79598,-0.13492 0.82934,0.005 0.86139,0.0167 0.53275,0.19969 -0.30937,0.17229 -0.32117,0.20579 -0.10238,0.29071 0.53608,0.20807 1.60293,-0.56127 1.91175,-1.37862 0.20814,-0.5509 0.1854,-1.13604 -0.0677,-1.74181 -0.31323,-0.74967 -0.71756,-1.12618 -1.72085,-1.60245 -0.6941,-0.32949 -0.93111,-0.52407 -1.08397,-0.88992 -0.22882,-0.54765 -0.25459,-1.1236 -0.0558,-1.24648 0.0769,-0.0475 0.13987,-0.022 0.13987,0.0568 0,0.31385 0.87507,1.13206 1.21073,1.13206 0.40762,0 1.80199,1.41889 2.17736,2.21564 0.29634,0.629 0.31553,1.54903 0.0458,2.19465 -0.1919,0.45928 -0.18782,0.48504 0.0769,0.48504 0.70015,0 1.52445,-0.73768 1.52445,-1.36425 0,-0.17761 0.0945,-0.35921 0.21011,-0.40356 0.43627,-0.16741 0.94882,0.13044 2.20084,1.27894 2.21413,2.03108 3.64251,2.56441 7.20256,2.6893 2.35311,0.0825 3.37182,-0.0504 4.62183,-0.60323 0.42085,-0.18613 0.82251,-0.33841 0.89257,-0.33841 0.19024,0 -0.13801,0.5684 -0.62601,1.08397 l -0.43025,0.45457 h 0.62468 c 1.26588,0 3.43877,-0.77747 4.22062,-1.51016 l 0.38463,-0.36044 v 0.36013 c 0,0.19808 -0.22133,0.68191 -0.49185,1.07517 -0.53841,0.78272 -0.51697,0.79997 0.65234,0.52474 0.91087,-0.21439 2.00532,-0.81239 2.21959,-1.21276 0.0811,-0.15144 0.20929,-0.27535 0.28497,-0.27535 0.17671,0 0.0391,0.61097 -0.29744,1.3211 -0.14386,0.30351 -0.23887,0.57453 -0.21113,0.60227 0.0277,0.0277 0.41931,-0.0449 0.87015,-0.16145 1.59439,-0.41214 3.49944,-0.64187 5.32745,-0.64242 1.63293,-5e-4 1.97797,-0.044 2.9372,-0.37068 2.01398,-0.68579 3.50931,-0.47106 3.87531,0.5565 0.17948,0.50391 0.003,0.62221 -0.38417,0.25811 -0.18484,-0.17365 -0.59712,-0.34027 -0.96761,-0.39105 -0.75128,-0.10297 -2.01651,0.0535 -1.83813,0.22727 0.18932,0.18447 4.73602,1.38124 6.08223,1.60094 1.47095,0.24006 2.65478,0.11568 3.97007,-0.41711 0.27459,-0.11123 0.27491,-0.10783 0.0178,0.18511 -0.51421,0.58592 -1.408,0.7989 -3.30471,0.78747 -1.49346,-0.009 -1.99865,-0.0757 -3.4655,-0.45759 -1.83837,-0.47861 -4.66162,-1.00047 -5.41251,-1.00047 -0.25203,0 -0.82797,0.16514 -1.27987,0.36697 -1.10321,0.49274 -3.90224,1.3622 -5.3673,1.66724 -1.45101,0.30211 -4.85968,0.3425 -6.49556,0.077 -1.48606,-0.24122 -3.3399,-0.86577 -5.05429,-1.70275 -0.77524,-0.37849 -1.55,-0.68815 -1.72169,-0.68815 -0.63795,0 -3.40515,-0.7048 -4.41059,-1.12337 -0.57203,-0.23813 -1.67542,-0.86955 -2.45198,-1.40314 -0.77656,-0.53358 -1.46578,-0.97016 -1.5316,-0.97016 -0.0658,0 -0.48885,0.16902 -0.94008,0.3756 -0.51031,0.23363 -1.09464,0.38379 -1.54588,0.39726 -0.39901,0.0119 -0.87745,0.12123 -1.0632,0.24294 -0.18575,0.12171 -0.58121,0.32303 -0.87881,0.44737 -0.60852,0.25425 -0.75545,0.42464 -0.75855,0.8796 -0.003,0.46367 -0.22194,0.38259 -0.3711,-0.13753 -0.10703,-0.37318 -0.28782,-0.5283 -1.03427,-0.88739 -0.51357,-0.24707 -1.26677,-0.47703 -1.74252,-0.53203 -0.46088,-0.0533 -1.17656,-0.25187 -1.590402,-0.44134 -0.413845,-0.18946 -0.799893,-0.34448 -0.857884,-0.34448 -0.05799,0 -0.56964,0.33815 -1.136997,0.75145 -1.198961,0.87339 -2.611758,1.60517 -3.898822,2.01946 -0.973162,0.31325 -2.879338,0.72576 -3.353695,0.72576 -0.158633,0 -0.837891,0.27592 -1.509462,0.61317 -1.596183,0.80155 -3.465107,1.45751 -4.857566,1.70489 -1.147425,0.20386 -4.090796,0.35736 -4.965261,0.25895 z m 4.307117,-0.86365 0.937877,-0.24477 -1.748332,-0.0895 c -0.961582,-0.0492 -2.78684,-0.25736 -4.056129,-0.46248 -2.89704,-0.46818 -5.239226,-0.77899 -5.795567,-0.76909 -0.394937,0.007 -0.373728,0.03 0.27084,0.29352 1.128346,0.46128 3.252051,1.08666 4.394815,1.29416 1.601459,0.2908 4.843875,0.279 5.996496,-0.0218 z m 47.876262,-0.0376 c 1.40947,-0.28723 4.13626,-1.12255 4.57229,-1.40066 0.38022,-0.24251 -1.40574,-0.0569 -5.46666,0.56817 -2.22733,0.34283 -4.09666,0.55544 -4.88367,0.55544 -0.70129,0 -1.23502,0.04 -1.18607,0.089 0.51021,0.51021 4.81309,0.62639 6.96411,0.18804 z"
           id="path92" /></g><g
         id="g95"
         transform="translate(15.135365,76.777989)"
         style="opacity:0.3;fill:#ffffff;fill-opacity:1;filter:url(#filter95)"><path
           style="fill:#ffffff;fill-opacity:1"
           d="m 97.566205,120.15673 c -0.627733,-0.69363 -0.02541,-2.06815 1.217283,-2.77788 1.664302,-0.95053 4.912542,-1.69191 7.408312,-1.69089 1.31915,5.4e-4 3.60823,0.19207 5.99631,0.50172 9.30036,1.20593 9.10141,1.19457 11.90069,0.67958 1.08813,-0.20018 2.29364,-0.33829 2.74686,-0.3147 0.80165,0.0417 0.79512,0.0446 -0.87069,0.37742 -2.29439,0.45846 -2.46992,0.55432 -1.03435,0.5649 2.69912,0.0199 7.02264,-0.48006 8.47606,-0.98011 0.836,-0.28762 1.02917,-0.26801 0.74404,0.0756 -0.45132,0.54381 -5.05748,1.56146 -7.74642,1.71143 -0.83535,0.0466 -2.59766,0.005 -3.91627,-0.0931 -2.08465,-0.1546 -2.57082,-0.14946 -3.72619,0.0394 -0.7308,0.11948 -1.65514,0.25799 -2.05408,0.3078 -0.51246,0.064 -0.70489,0.14387 -0.65566,0.27215 0.13902,0.36229 -0.32102,1.14018 -0.78891,1.33399 -0.38704,0.16032 -0.50918,0.15867 -0.80762,-0.0109 -0.50538,-0.2871 -0.69756,-0.63715 -0.4723,-0.86027 0.14655,-0.14515 0.20631,-0.13275 0.3185,0.0661 0.16892,0.29936 0.58854,0.31812 0.82206,0.0367 0.40083,-0.48296 0.0947,-0.58644 -1.97916,-0.66905 -2.1322,-0.0849 -3.15049,-0.25293 -4.16252,-0.68674 l -0.62657,-0.26857 0.255,0.28176 c 0.14025,0.15497 0.54625,0.38884 0.90223,0.51971 1.07949,0.39686 1.02838,0.5137 -0.187,0.42756 -0.91411,-0.0648 -1.29729,-0.17199 -2.13572,-0.59756 -0.56195,-0.28523 -1.05497,-0.48538 -1.09558,-0.44476 -0.10744,0.10744 0.33812,0.51936 1.05083,0.97148 0.56051,0.35557 0.58637,0.39446 0.26235,0.39446 -0.56476,0 -1.34934,-0.32782 -2.58485,-1.08002 -1.38537,-0.84343 -2.13573,-1.06901 -3.30772,-0.99438 -1.525933,0.0972 -3.453523,1.26343 -3.453523,2.08952 0,0.41522 0.421004,0.5032 0.708571,0.14807 0.325453,-0.40192 0.410361,-0.38229 0.410361,0.0949 0,0.79276 -1.071698,1.17427 -1.614324,0.57467 z m 16.658345,-2.1658 c -0.71201,-0.53854 -3.73112,-1.27969 -4.68028,-1.14893 -0.31387,0.0432 -0.23962,0.11026 0.54585,0.49278 0.92618,0.45104 2.64179,0.83869 3.77639,0.8533 0.58262,0.008 0.60923,-0.007 0.35804,-0.19715 z m 3.04595,-0.0142 c 0.90111,-0.12351 0.69638,-0.2856 -0.5012,-0.39682 -0.55803,-0.0518 -1.1328,-0.12797 -1.27729,-0.16923 -0.25702,-0.0734 -0.25702,-0.0672 0,0.28537 0.28295,0.38817 0.61358,0.44035 1.77849,0.28068 z"
           id="path93" /><path
           style="fill:#ffffff;fill-opacity:1"
           d="m 93.751663,120.3473 c -0.242976,-0.0972 -0.459511,-0.68424 -0.353904,-0.95945 0.07191,-0.18738 0.121662,-0.17765 0.351191,0.0687 0.539722,0.57933 0.939525,0.22185 0.58064,-0.51917 -0.237088,-0.48954 -0.882553,-0.94887 -1.996407,-1.42071 -0.638563,-0.2705 -0.937925,-0.31316 -1.83368,-0.26131 -1.122053,0.065 -1.38794,0.16866 -3.275602,1.27761 -0.903724,0.53091 -2.309757,1.01282 -2.309757,0.79165 0,-0.0627 0.267572,-0.27072 0.594603,-0.46238 0.649312,-0.38052 1.222845,-0.93692 0.965775,-0.93692 -0.08876,0 -0.60582,0.2265 -1.14903,0.50334 -0.830042,0.42301 -1.170453,0.51389 -2.133133,0.56946 l -1.145478,0.0661 1.014032,-0.5057 c 0.557718,-0.27814 1.014032,-0.56715 1.014032,-0.64224 0,-0.0751 -0.252481,-0.008 -0.561069,0.1497 -0.733887,0.3744 -2.917776,0.69665 -4.728182,0.69769 l -1.442922,8.2e-4 0.04426,0.38464 c 0.03268,0.28404 0.132395,0.39708 0.381282,0.43225 0.202178,0.0286 0.386835,-0.0414 0.461516,-0.17483 0.183816,-0.32847 0.390324,-0.27022 0.390324,0.11008 0,0.44723 -0.341665,0.70247 -0.940328,0.70247 -0.599289,0 -1.15767,-0.56278 -1.15767,-1.16679 0,-0.36664 -0.04914,-0.40248 -0.664366,-0.48458 -0.365401,-0.0488 -1.309374,-0.18949 -2.097718,-0.31274 -1.213764,-0.18975 -1.728743,-0.20003 -3.361489,-0.0671 -3.576989,0.29125 -5.372445,0.17004 -9.092509,-0.61382 -1.598612,-0.33685 -3.106431,-0.9094 -3.106431,-1.17958 0,-0.18307 -0.09399,-0.19602 0.979065,0.13489 0.500023,0.1542 1.475592,0.37101 2.167931,0.48181 1.609282,0.25754 5.463209,0.53058 6.64366,0.47069 l 0.909132,-0.0461 -1.538532,-0.3194 c -2.362002,-0.49036 -2.543157,-0.55838 -1.53261,-0.57545 0.464817,-0.008 1.660675,0.14273 2.657464,0.33462 2.686392,0.51718 2.441515,0.53058 11.463133,-0.62764 5.555702,-0.71325 8.134346,-0.71087 10.839655,0.01 3.000959,0.79967 4.475728,1.85374 4.475728,3.19898 0,0.73881 -0.765338,1.18932 -1.512603,0.89037 z m -13.383181,-2.3697 c 1.278007,-0.23152 3.238062,-1.0022 2.884767,-1.13426 -0.292713,-0.10942 -2.63725,0.24174 -3.584099,0.53682 -0.46156,0.14384 -1.028019,0.38787 -1.258799,0.5423 l -0.419599,0.28077 0.559466,10e-4 c 0.307706,6.6e-4 1.125925,-0.10141 1.818264,-0.22684 z m -3.276277,-0.27837 0.339081,-0.36598 -0.4196,0.0788 c -0.23078,0.0434 -0.765769,0.11819 -1.188865,0.16629 -1.188492,0.13511 -1.437604,0.25096 -0.769266,0.35774 1.248234,0.19943 1.680983,0.14914 2.03865,-0.2369 z"
           id="path94" /><path
           style="fill:#ffffff;fill-opacity:1"
           d="m 96.34314,125.618 c -0.04866,-0.11539 -0.143099,-1.80762 -0.209857,-3.76052 l -0.121378,-3.55072 -0.377735,-0.27516 c -0.441467,-0.32158 -0.789723,-0.93649 -0.78898,-1.39308 9.01e-4,-0.55436 0.4995,-1.20121 1.0412,-1.35078 1.026184,-0.28335 1.895474,0.26705 1.895474,1.20013 0,0.4848 -0.40287,1.01787 -0.769266,1.01787 -0.228828,0 -0.289184,-0.22784 -0.08028,-0.30304 0.263478,-0.0948 0.317351,-0.76863 0.0804,-1.00558 -0.354985,-0.35499 -1.104901,-0.29871 -1.317687,0.0989 -0.291266,0.54424 -0.1407,0.97082 0.443395,1.25623 l 0.5245,0.25629 -0.01225,3.31031 c -0.01196,3.23066 -0.127799,4.92537 -0.307538,4.49917 z"
           id="path95" /></g></g><g
       id="g68"><g
         id="g48"
         transform="translate(0,11.694375)"><path
           id="path38"
           style="fill:#4b4b4b;fill-opacity:1;stroke-width:5.07997;stroke-linejoin:round;paint-order:stroke markers fill"
           d="m 78.363797,152.81736 c -0.05004,5.4e-4 -0.107042,0.0296 -0.164602,0.0897 -0.841632,0.87843 -1.01199,1.83947 -0.675435,2.69267 0.08138,0.20625 -0.0038,0.34688 -0.221928,0.30535 -0.272735,-0.052 -0.340095,-0.1214 -0.494372,-0.31729 -0.137227,-0.17419 -0.261957,-0.13173 -0.262795,0.0903 -0.0024,0.65562 0.05112,1.93993 0.478763,2.51586 0.886699,1.19415 2.525021,1.93795 4.012309,1.95223 1.477204,0.0144 3.133005,-0.6819 4.021675,-1.86198 0.447528,-0.59428 0.489455,-1.93439 0.479898,-2.60696 -0.0031,-0.22156 -0.130016,-0.26342 -0.267336,-0.0891 -0.154211,0.19577 -0.221519,0.26536 -0.494372,0.31727 -0.217876,0.0415 -0.303009,-0.0994 -0.221645,-0.30563 0.336554,-0.85319 0.166197,-1.81424 -0.675436,-2.69266 -0.153495,-0.16021 -0.302094,-0.0971 -0.329487,0.12312 -0.05728,0.46051 -0.190666,0.87727 -0.740423,1.05656 0,0 -0.988066,-0.23538 -1.769752,-0.25201 -0.781687,0.0166 -1.769753,0.25201 -1.769753,0.25201 -0.549766,-0.17929 -0.683148,-0.59605 -0.740423,-1.05656 -0.01712,-0.13763 -0.0815,-0.21414 -0.164886,-0.21285 z m 0.695584,4.32307 c 0.205875,-0.001 0.410795,0.0444 0.577241,0.13533 0.214021,0.11695 0.391281,0.42063 0.521049,0.71659 0.164663,0.37553 0.03352,0.42346 -0.266483,0.11803 -0.195299,-0.19883 -0.404281,-0.37955 -0.542619,-0.40923 -0.292987,-0.0627 -0.487011,0.19236 -0.740707,0.17964 -0.131927,-0.007 -0.312822,-0.0144 -0.373759,-0.13145 -0.06003,-0.11551 0.0049,-0.29358 0.105581,-0.37602 0.188695,-0.15451 0.455013,-0.23186 0.719707,-0.233 z m 3.817625,0 c 0.264695,0.001 0.531293,0.0784 0.71999,0.23299 0.10071,0.0825 0.165612,0.26055 0.105558,0.37602 -0.06094,0.11719 -0.242113,0.12484 -0.374042,0.13145 -0.253696,0.0129 -0.447435,-0.24245 -0.740424,-0.17963 -0.138334,0.0296 -0.347319,0.21041 -0.542619,0.40923 -0.299992,0.30541 -0.431428,0.25748 -0.266767,-0.11803 0.129772,-0.29597 0.30703,-0.59964 0.521049,-0.71661 0.166446,-0.091 0.371367,-0.13619 0.577242,-0.13532 z" /><path
           style="fill:#4b4b4b;fill-opacity:1;stroke:none"
           d="m 79.621611,160.80627 c -0.14017,-0.004 -0.562818,-0.12722 -0.939216,-0.27439 -0.376398,-0.14716 -0.720453,-0.23147 -0.764567,-0.18736 -0.04411,0.0441 -0.08021,0.0169 -0.08021,-0.0604 0,-0.0774 -0.241089,-0.22783 -0.535753,-0.33438 -0.294664,-0.10655 -1.210299,-0.65138 -2.034746,-1.21072 -1.37658,-0.93394 -1.543926,-1.00956 -2.049214,-0.92596 -0.302621,0.0501 -1.566004,0.14933 -2.807516,0.22057 -1.660401,0.0953 -2.854189,0.0765 -4.51459,-0.0709 -1.241512,-0.11022 -2.568067,-0.27282 -2.947898,-0.36133 -0.663886,-0.1547 -0.711651,-0.14357 -1.234645,0.28752 -0.299223,0.24665 -0.620307,0.44845 -0.713521,0.44845 -0.09321,0 -0.211158,-0.16607 -0.2621,-0.36904 -0.05094,-0.20296 -0.254649,-0.44285 -0.452683,-0.53308 -0.198034,-0.0902 -0.360062,-0.21269 -0.360062,-0.27213 0,-0.0594 -0.442357,-0.23952 -0.983016,-0.40017 -0.540659,-0.16066 -1.179619,-0.32883 -1.419911,-0.37372 -0.240293,-0.0449 -0.731801,-0.11818 -1.09224,-0.16287 -0.360439,-0.0447 -1.114084,-0.14488 -1.674767,-0.22265 -0.560683,-0.0778 -3.848352,-0.15793 -7.305932,-0.17815 -3.457579,-0.0202 -6.33127,-0.0815 -6.38598,-0.13629 -0.05471,-0.0547 -0.05781,-0.16694 -0.0069,-0.24932 0.06098,-0.0987 2.234734,-0.15251 6.370399,-0.15777 3.452804,-0.004 6.448673,-0.045 6.657487,-0.0902 0.208814,-0.0452 0.543498,-0.13708 0.743742,-0.20416 0.200244,-0.0671 0.532214,-0.15826 0.737712,-0.20264 0.205497,-0.0444 0.526813,-0.21354 0.714035,-0.37592 0.187221,-0.16238 0.437545,-0.29523 0.556275,-0.29523 0.11873,0 0.358067,0.14745 0.53186,0.32767 0.173792,0.18022 0.50682,0.47513 0.740063,0.65535 0.233242,0.18022 0.533909,0.32767 0.668148,0.32767 0.134239,0 0.278409,0.0895 0.320377,0.19885 0.04197,0.10936 0.596833,0.3715 1.233034,0.58252 0.636201,0.21103 1.259538,0.38368 1.385193,0.38368 0.125655,0 0.331665,-0.1032 0.457799,-0.22933 0.126135,-0.12614 0.900845,-0.4577 1.721578,-0.7368 0.820733,-0.27911 2.016516,-0.57538 2.657297,-0.65838 0.64078,-0.083 1.709394,-0.11121 2.374698,-0.0627 0.665303,0.0485 1.78645,0.21669 2.491439,0.37372 0.704989,0.15704 1.471337,0.3586 1.702997,0.44792 0.231659,0.0893 0.748871,0.21521 1.149359,0.27974 0.439826,0.0709 0.741253,-0.17945 1.028735,-0.41126 0.21565,-0.17389 0.304501,-0.3085 0.465075,-0.68875 0.160574,-0.38025 0.262581,-1.36128 0.345222,-1.50555 0.254806,-0.44481 0.490618,0.8562 0.481267,1.32647 -0.01205,0.60618 -0.279582,1.28875 -0.687838,1.68382 -0.656277,0.63509 0.0033,0.99324 0.215848,1.42357 0.157287,0.3185 0.480736,0.49857 0.739491,0.76734 0.258755,0.26877 0.86005,0.72931 1.336212,1.02343 0.476162,0.29411 0.918519,0.51837 0.983016,0.49835 0.0645,-0.02 0.117266,0.0247 0.117266,0.0994 0,0.0747 0.131069,0.17742 0.291264,0.22826 0.160195,0.0508 0.291264,0.15356 0.291264,0.22826 0,0.0747 -0.114685,0.13275 -0.254856,0.12901 z m -12.560754,-3.51711 c 0.841024,0.0242 2.407715,-0.0274 3.481534,-0.1147 1.07382,-0.0873 2.013504,-0.19654 2.088187,-0.2427 0.07468,-0.0462 -0.197879,-0.27448 -0.605694,-0.50739 -0.520322,-0.29717 -1.099267,-0.47163 -1.941026,-0.58492 -0.659749,-0.0888 -1.888343,-0.12701 -2.730208,-0.0849 -0.996248,0.0498 -1.886587,0.19006 -2.550088,0.40177 -0.560683,0.17891 -1.199644,0.39839 -1.419912,0.48774 -0.220268,0.0894 -0.400488,0.20729 -0.400488,0.26207 0,0.0548 0.344056,0.13712 0.764568,0.18298 0.420512,0.0459 0.993938,0.0997 1.274279,0.1197 0.280342,0.02 1.197823,0.0562 2.038848,0.0804 z"
           id="path45" /><path
           style="fill:#4b4b4b;fill-opacity:1;stroke:none"
           d="m 82.49476,160.80627 c 0.14017,-0.004 0.56281,-0.12722 0.93921,-0.27439 0.3764,-0.14716 0.72045,-0.23147 0.76457,-0.18736 0.0441,0.0441 0.0802,0.0169 0.0802,-0.0604 0,-0.0774 0.24109,-0.22783 0.53575,-0.33438 0.29467,-0.10655 1.2103,-0.65138 2.03475,-1.21072 1.37658,-0.93394 1.54392,-1.00956 2.04921,-0.92596 0.30262,0.0501 1.56601,0.14933 2.80752,0.22057 1.6604,0.0953 2.85419,0.0765 4.51459,-0.0709 1.24151,-0.11022 2.56806,-0.27282 2.9479,-0.36133 0.663882,-0.1547 0.711652,-0.14357 1.23464,0.28752 0.29922,0.24665 0.62031,0.44845 0.71352,0.44845 0.0932,0 0.21116,-0.16607 0.2621,-0.36904 0.0509,-0.20296 0.25465,-0.44285 0.45268,-0.53308 0.19804,-0.0902 0.36007,-0.21269 0.36007,-0.27213 0,-0.0594 0.44235,-0.23952 0.98301,-0.40017 0.54066,-0.16066 1.17962,-0.32883 1.41991,-0.37372 0.2403,-0.0449 0.73181,-0.11818 1.09224,-0.16287 0.36044,-0.0447 1.11409,-0.14488 1.67477,-0.22265 0.56068,-0.0778 3.84835,-0.15793 7.30593,-0.17815 3.45758,-0.0202 6.33127,-0.0815 6.38598,-0.13629 0.0547,-0.0547 0.0578,-0.16694 0.007,-0.24932 -0.061,-0.0987 -2.23473,-0.15251 -6.3704,-0.15777 -3.4528,-0.004 -6.44867,-0.045 -6.65748,-0.0902 -0.20882,-0.0452 -0.5435,-0.13708 -0.74374,-0.20416 -0.20025,-0.0671 -0.53222,-0.15826 -0.73772,-0.20264 -0.20549,-0.0444 -0.52681,-0.21354 -0.71403,-0.37592 -0.18722,-0.16238 -0.43755,-0.29523 -0.55628,-0.29523 -0.11873,0 -0.35806,0.14745 -0.53186,0.32767 -0.17379,0.18022 -0.50682,0.47513 -0.74006,0.65535 -0.23324,0.18022 -0.53391,0.32767 -0.66815,0.32767 -0.13424,0 -0.27841,0.0895 -0.32038,0.19885 -0.042,0.10936 -0.59683,0.3715 -1.23303,0.58252 -0.6362,0.21103 -1.25954,0.38368 -1.38519,0.38368 -0.12566,0 -0.33167,-0.1032 -0.457798,-0.22933 -0.12614,-0.12614 -0.900852,-0.4577 -1.721582,-0.7368 -0.82073,-0.27911 -2.01652,-0.57538 -2.6573,-0.65838 -0.64078,-0.083 -1.70939,-0.11121 -2.37469,-0.0627 -0.66531,0.0485 -1.78645,0.21669 -2.49144,0.37372 -0.70499,0.15704 -1.47134,0.3586 -1.703,0.44792 -0.23166,0.0893 -0.74887,0.21521 -1.14936,0.27974 -0.43983,0.0709 -0.74125,-0.17945 -1.02873,-0.41126 -0.21565,-0.17389 -0.30451,-0.3085 -0.46508,-0.68875 -0.16057,-0.38025 -0.26258,-1.36128 -0.34522,-1.50555 -0.25481,-0.44481 -0.49062,0.8562 -0.48127,1.32647 0.0121,0.60618 0.27958,1.28875 0.68784,1.68382 0.65628,0.63509 -0.003,0.99324 -0.21585,1.42357 -0.15729,0.3185 -0.48073,0.49857 -0.73949,0.76734 -0.25875,0.26877 -0.86005,0.72931 -1.33621,1.02343 -0.47616,0.29411 -0.91852,0.51837 -0.98302,0.49835 -0.0645,-0.02 -0.11726,0.0247 -0.11726,0.0994 0,0.0747 -0.13107,0.17742 -0.29127,0.22826 -0.16019,0.0508 -0.29126,0.15356 -0.29126,0.22826 0,0.0747 0.11468,0.13275 0.25485,0.12901 z m 12.56075,-3.51711 c -0.84102,0.0242 -2.40772,-0.0274 -3.48153,-0.1147 -1.07382,-0.0873 -2.01351,-0.19654 -2.08819,-0.2427 -0.0747,-0.0462 0.19788,-0.27448 0.60569,-0.50739 0.52032,-0.29717 1.09927,-0.47163 1.94103,-0.58492 0.65975,-0.0888 1.88834,-0.12701 2.73021,-0.0849 0.99624,0.0498 1.88658,0.19006 2.55008,0.40177 0.56069,0.17891 1.19965,0.39839 1.41992,0.48774 0.22026,0.0894 0.40048,0.20729 0.40048,0.26207 0,0.0548 -0.34405,0.13712 -0.76456,0.18298 -0.42052,0.0459 -0.99394,0.0997 -1.27428,0.1197 -0.28034,0.02 -1.19783,0.0562 -2.03885,0.0804 z"
           id="path46" /></g><g
         id="g65"
         style="opacity:0.5;filter:url(#filter65)"
         transform="translate(0,11.694375)"><path
           id="path60"
           style="fill:#4b4b4b;fill-opacity:1;stroke-width:5.07997;stroke-linejoin:round;paint-order:stroke markers fill"
           d="m 78.363797,152.81736 c -0.05004,5.4e-4 -0.107042,0.0296 -0.164602,0.0897 -0.841632,0.87843 -1.01199,1.83947 -0.675435,2.69267 0.08138,0.20625 -0.0038,0.34688 -0.221928,0.30535 -0.272735,-0.052 -0.340095,-0.1214 -0.494372,-0.31729 -0.137227,-0.17419 -0.261957,-0.13173 -0.262795,0.0903 -0.0024,0.65562 0.05112,1.93993 0.478763,2.51586 0.886699,1.19415 2.525021,1.93795 4.012309,1.95223 1.477204,0.0144 3.133005,-0.6819 4.021675,-1.86198 0.447528,-0.59428 0.489455,-1.93439 0.479898,-2.60696 -0.0031,-0.22156 -0.130016,-0.26342 -0.267336,-0.0891 -0.154211,0.19577 -0.221519,0.26536 -0.494372,0.31727 -0.217876,0.0415 -0.303009,-0.0994 -0.221645,-0.30563 0.336554,-0.85319 0.166197,-1.81424 -0.675436,-2.69266 -0.153495,-0.16021 -0.302094,-0.0971 -0.329487,0.12312 -0.05728,0.46051 -0.190666,0.87727 -0.740423,1.05656 0,0 -0.988066,-0.23538 -1.769752,-0.25201 -0.781687,0.0166 -1.769753,0.25201 -1.769753,0.25201 -0.549766,-0.17929 -0.683148,-0.59605 -0.740423,-1.05656 -0.01712,-0.13763 -0.0815,-0.21414 -0.164886,-0.21285 z m 0.695584,4.32307 c 0.205875,-0.001 0.410795,0.0444 0.577241,0.13533 0.214021,0.11695 0.391281,0.42063 0.521049,0.71659 0.164663,0.37553 0.03352,0.42346 -0.266483,0.11803 -0.195299,-0.19883 -0.404281,-0.37955 -0.542619,-0.40923 -0.292987,-0.0627 -0.487011,0.19236 -0.740707,0.17964 -0.131927,-0.007 -0.312822,-0.0144 -0.373759,-0.13145 -0.06003,-0.11551 0.0049,-0.29358 0.105581,-0.37602 0.188695,-0.15451 0.455013,-0.23186 0.719707,-0.233 z m 3.817625,0 c 0.264695,0.001 0.531293,0.0784 0.71999,0.23299 0.10071,0.0825 0.165612,0.26055 0.105558,0.37602 -0.06094,0.11719 -0.242113,0.12484 -0.374042,0.13145 -0.253696,0.0129 -0.447435,-0.24245 -0.740424,-0.17963 -0.138334,0.0296 -0.347319,0.21041 -0.542619,0.40923 -0.299992,0.30541 -0.431428,0.25748 -0.266767,-0.11803 0.129772,-0.29597 0.30703,-0.59964 0.521049,-0.71661 0.166446,-0.091 0.371367,-0.13619 0.577242,-0.13532 z" /><path
           style="fill:#4b4b4b;fill-opacity:1;stroke:none"
           d="m 79.621611,160.80627 c -0.14017,-0.004 -0.562818,-0.12722 -0.939216,-0.27439 -0.376398,-0.14716 -0.720453,-0.23147 -0.764567,-0.18736 -0.04411,0.0441 -0.08021,0.0169 -0.08021,-0.0604 0,-0.0774 -0.241089,-0.22783 -0.535753,-0.33438 -0.294664,-0.10655 -1.210299,-0.65138 -2.034746,-1.21072 -1.37658,-0.93394 -1.543926,-1.00956 -2.049214,-0.92596 -0.302621,0.0501 -1.566004,0.14933 -2.807516,0.22057 -1.660401,0.0953 -2.854189,0.0765 -4.51459,-0.0709 -1.241512,-0.11022 -2.568067,-0.27282 -2.947898,-0.36133 -0.663886,-0.1547 -0.711651,-0.14357 -1.234645,0.28752 -0.299223,0.24665 -0.620307,0.44845 -0.713521,0.44845 -0.09321,0 -0.211158,-0.16607 -0.2621,-0.36904 -0.05094,-0.20296 -0.254649,-0.44285 -0.452683,-0.53308 -0.198034,-0.0902 -0.360062,-0.21269 -0.360062,-0.27213 0,-0.0594 -0.442357,-0.23952 -0.983016,-0.40017 -0.540659,-0.16066 -1.179619,-0.32883 -1.419911,-0.37372 -0.240293,-0.0449 -0.731801,-0.11818 -1.09224,-0.16287 -0.360439,-0.0447 -1.114084,-0.14488 -1.674767,-0.22265 -0.560683,-0.0778 -3.848352,-0.15793 -7.305932,-0.17815 -3.457579,-0.0202 -6.33127,-0.0815 -6.38598,-0.13629 -0.05471,-0.0547 -0.05781,-0.16694 -0.0069,-0.24932 0.06098,-0.0987 2.234734,-0.15251 6.370399,-0.15777 3.452804,-0.004 6.448673,-0.045 6.657487,-0.0902 0.208814,-0.0452 0.543498,-0.13708 0.743742,-0.20416 0.200244,-0.0671 0.532214,-0.15826 0.737712,-0.20264 0.205497,-0.0444 0.526813,-0.21354 0.714035,-0.37592 0.187221,-0.16238 0.437545,-0.29523 0.556275,-0.29523 0.11873,0 0.358067,0.14745 0.53186,0.32767 0.173792,0.18022 0.50682,0.47513 0.740063,0.65535 0.233242,0.18022 0.533909,0.32767 0.668148,0.32767 0.134239,0 0.278409,0.0895 0.320377,0.19885 0.04197,0.10936 0.596833,0.3715 1.233034,0.58252 0.636201,0.21103 1.259538,0.38368 1.385193,0.38368 0.125655,0 0.331665,-0.1032 0.457799,-0.22933 0.126135,-0.12614 0.900845,-0.4577 1.721578,-0.7368 0.820733,-0.27911 2.016516,-0.57538 2.657297,-0.65838 0.64078,-0.083 1.709394,-0.11121 2.374698,-0.0627 0.665303,0.0485 1.78645,0.21669 2.491439,0.37372 0.704989,0.15704 1.471337,0.3586 1.702997,0.44792 0.231659,0.0893 0.748871,0.21521 1.149359,0.27974 0.439826,0.0709 0.741253,-0.17945 1.028735,-0.41126 0.21565,-0.17389 0.304501,-0.3085 0.465075,-0.68875 0.160574,-0.38025 0.262581,-1.36128 0.345222,-1.50555 0.254806,-0.44481 0.490618,0.8562 0.481267,1.32647 -0.01205,0.60618 -0.279582,1.28875 -0.687838,1.68382 -0.656277,0.63509 0.0033,0.99324 0.215848,1.42357 0.157287,0.3185 0.480736,0.49857 0.739491,0.76734 0.258755,0.26877 0.86005,0.72931 1.336212,1.02343 0.476162,0.29411 0.918519,0.51837 0.983016,0.49835 0.0645,-0.02 0.117266,0.0247 0.117266,0.0994 0,0.0747 0.131069,0.17742 0.291264,0.22826 0.160195,0.0508 0.291264,0.15356 0.291264,0.22826 0,0.0747 -0.114685,0.13275 -0.254856,0.12901 z m -12.560754,-3.51711 c 0.841024,0.0242 2.407715,-0.0274 3.481534,-0.1147 1.07382,-0.0873 2.013504,-0.19654 2.088187,-0.2427 0.07468,-0.0462 -0.197879,-0.27448 -0.605694,-0.50739 -0.520322,-0.29717 -1.099267,-0.47163 -1.941026,-0.58492 -0.659749,-0.0888 -1.888343,-0.12701 -2.730208,-0.0849 -0.996248,0.0498 -1.886587,0.19006 -2.550088,0.40177 -0.560683,0.17891 -1.199644,0.39839 -1.419912,0.48774 -0.220268,0.0894 -0.400488,0.20729 -0.400488,0.26207 0,0.0548 0.344056,0.13712 0.764568,0.18298 0.420512,0.0459 0.993938,0.0997 1.274279,0.1197 0.280342,0.02 1.197823,0.0562 2.038848,0.0804 z"
           id="path61" /><path
           style="fill:#4b4b4b;fill-opacity:1;stroke:none"
           d="m 82.49476,160.80627 c 0.14017,-0.004 0.56281,-0.12722 0.93921,-0.27439 0.3764,-0.14716 0.72045,-0.23147 0.76457,-0.18736 0.0441,0.0441 0.0802,0.0169 0.0802,-0.0604 0,-0.0774 0.24109,-0.22783 0.53575,-0.33438 0.29467,-0.10655 1.2103,-0.65138 2.03475,-1.21072 1.37658,-0.93394 1.54392,-1.00956 2.04921,-0.92596 0.30262,0.0501 1.56601,0.14933 2.80752,0.22057 1.6604,0.0953 2.85419,0.0765 4.51459,-0.0709 1.24151,-0.11022 2.56806,-0.27282 2.9479,-0.36133 0.663882,-0.1547 0.711652,-0.14357 1.23464,0.28752 0.29922,0.24665 0.62031,0.44845 0.71352,0.44845 0.0932,0 0.21116,-0.16607 0.2621,-0.36904 0.0509,-0.20296 0.25465,-0.44285 0.45268,-0.53308 0.19804,-0.0902 0.36007,-0.21269 0.36007,-0.27213 0,-0.0594 0.44235,-0.23952 0.98301,-0.40017 0.54066,-0.16066 1.17962,-0.32883 1.41991,-0.37372 0.2403,-0.0449 0.73181,-0.11818 1.09224,-0.16287 0.36044,-0.0447 1.11409,-0.14488 1.67477,-0.22265 0.56068,-0.0778 3.84835,-0.15793 7.30593,-0.17815 3.45758,-0.0202 6.33127,-0.0815 6.38598,-0.13629 0.0547,-0.0547 0.0578,-0.16694 0.007,-0.24932 -0.061,-0.0987 -2.23473,-0.15251 -6.3704,-0.15777 -3.4528,-0.004 -6.44867,-0.045 -6.65748,-0.0902 -0.20882,-0.0452 -0.5435,-0.13708 -0.74374,-0.20416 -0.20025,-0.0671 -0.53222,-0.15826 -0.73772,-0.20264 -0.20549,-0.0444 -0.52681,-0.21354 -0.71403,-0.37592 -0.18722,-0.16238 -0.43755,-0.29523 -0.55628,-0.29523 -0.11873,0 -0.35806,0.14745 -0.53186,0.32767 -0.17379,0.18022 -0.50682,0.47513 -0.74006,0.65535 -0.23324,0.18022 -0.53391,0.32767 -0.66815,0.32767 -0.13424,0 -0.27841,0.0895 -0.32038,0.19885 -0.042,0.10936 -0.59683,0.3715 -1.23303,0.58252 -0.6362,0.21103 -1.25954,0.38368 -1.38519,0.38368 -0.12566,0 -0.33167,-0.1032 -0.457798,-0.22933 -0.12614,-0.12614 -0.900852,-0.4577 -1.721582,-0.7368 -0.82073,-0.27911 -2.01652,-0.57538 -2.6573,-0.65838 -0.64078,-0.083 -1.70939,-0.11121 -2.37469,-0.0627 -0.66531,0.0485 -1.78645,0.21669 -2.49144,0.37372 -0.70499,0.15704 -1.47134,0.3586 -1.703,0.44792 -0.23166,0.0893 -0.74887,0.21521 -1.14936,0.27974 -0.43983,0.0709 -0.74125,-0.17945 -1.02873,-0.41126 -0.21565,-0.17389 -0.30451,-0.3085 -0.46508,-0.68875 -0.16057,-0.38025 -0.26258,-1.36128 -0.34522,-1.50555 -0.25481,-0.44481 -0.49062,0.8562 -0.48127,1.32647 0.0121,0.60618 0.27958,1.28875 0.68784,1.68382 0.65628,0.63509 -0.003,0.99324 -0.21585,1.42357 -0.15729,0.3185 -0.48073,0.49857 -0.73949,0.76734 -0.25875,0.26877 -0.86005,0.72931 -1.33621,1.02343 -0.47616,0.29411 -0.91852,0.51837 -0.98302,0.49835 -0.0645,-0.02 -0.11726,0.0247 -0.11726,0.0994 0,0.0747 -0.13107,0.17742 -0.29127,0.22826 -0.16019,0.0508 -0.29126,0.15356 -0.29126,0.22826 0,0.0747 0.11468,0.13275 0.25485,0.12901 z m 12.56075,-3.51711 c -0.84102,0.0242 -2.40772,-0.0274 -3.48153,-0.1147 -1.07382,-0.0873 -2.01351,-0.19654 -2.08819,-0.2427 -0.0747,-0.0462 0.19788,-0.27448 0.60569,-0.50739 0.52032,-0.29717 1.09927,-0.47163 1.94103,-0.58492 0.65975,-0.0888 1.88834,-0.12701 2.73021,-0.0849 0.99624,0.0498 1.88658,0.19006 2.55008,0.40177 0.56069,0.17891 1.19965,0.39839 1.41992,0.48774 0.22026,0.0894 0.40048,0.20729 0.40048,0.26207 0,0.0548 -0.34405,0.13712 -0.76456,0.18298 -0.42052,0.0459 -0.99394,0.0997 -1.27428,0.1197 -0.28034,0.02 -1.19783,0.0562 -2.03885,0.0804 z"
           id="path65" /></g></g></g></svg>
