<?xml version="1.0" encoding="UTF-8" standalone="no"?>
<!-- Created with Inkscape (http://www.inkscape.org/) -->

<svg
   width="84.304047mm"
   height="14.51549mm"
   viewBox="0 0 84.304047 14.51549"
   version="1.1"
   id="svg1"
   xml:space="preserve"
   xmlns="http://www.w3.org/2000/svg"
   xmlns:svg="http://www.w3.org/2000/svg"><defs
     id="defs1"><filter
       style="color-interpolation-filters:sRGB"
       id="filter59"
       x="-0.027057199"
       y="-0.21240777"
       width="1.0541144"
       height="1.4248155"><feGaussianBlur
         stdDeviation="0.90163814"
         id="feGaussianBlur59" /></filter></defs><g
     id="layer1"
     transform="translate(-38.855963,-142.75204)"><g
       id="g66"><g
         id="g47"
         transform="translate(0,4.2693749)"><path
           id="path10"
           style="fill:#4b4b4b;fill-opacity:1;stroke-width:5.08;stroke-linejoin:round;paint-order:stroke markers fill"
           d="m 81.015494,140.64716 c -0.106718,-0.0104 -0.191955,0.12213 -0.230015,0.38818 -0.142577,0.9966 -0.397187,1.82514 -0.763805,2.48569 0,0 -0.817787,0.80682 -1.104075,1.29721 -0.647872,1.10977 -1.329205,2.55895 -0.782054,3.72169 0.494939,1.05177 1.531377,1.37413 2.717988,1.34816 1.256838,-0.0275 2.258009,-0.3398 2.925572,-0.94363 0.737332,-0.66694 0.237798,-2.69968 -0.367265,-3.74033 -0.275055,-0.47306 -1.076702,-1.56372 -1.076702,-1.56372 -0.176476,-0.87859 -0.55805,-1.77485 -1.044005,-2.70544 -0.09677,-0.18532 -0.192636,-0.27972 -0.275639,-0.28781 z m 1.017012,5.21851 c 0.379258,8e-5 0.456746,0.68387 0.502613,1.08279 0.04041,0.35142 0.01173,0.83785 -0.33761,0.89344 -0.385022,0.0613 -0.479728,-0.4855 -0.540251,-0.87064 -0.06153,-0.39155 -0.05625,-1.0588 0.337609,-1.10331 0.01287,-0.001 0.0254,-0.002 0.03764,-0.002 z m -1.937455,0.14333 c 0.01187,9e-5 0.02417,6.7e-4 0.0365,0.002 0.412496,0.0413 0.329107,0.65596 0.281722,1.00978 -0.04044,0.30196 -0.179111,0.70363 -0.532648,0.68207 -0.38965,-0.0238 -0.358098,-0.50005 -0.329626,-0.83414 0.02804,-0.32906 0.176199,-0.86253 0.544054,-0.85962 z" /><path
           style="fill:#4b4b4b;fill-opacity:1;stroke:none"
           d="m 79.621611,150.83076 c -0.14017,-0.004 -0.562818,-0.12722 -0.939216,-0.27439 -0.376398,-0.14716 -0.720453,-0.23147 -0.764567,-0.18736 -0.04411,0.0441 -0.08021,0.0169 -0.08021,-0.0604 0,-0.0774 -0.241089,-0.22783 -0.535753,-0.33438 -0.294664,-0.10655 -1.210299,-0.65138 -2.034746,-1.21072 -1.37658,-0.93394 -1.543926,-1.00956 -2.049214,-0.92596 -0.302621,0.0501 -1.566004,0.14933 -2.807516,0.22057 -1.660401,0.0953 -2.854189,0.0765 -4.51459,-0.0709 -1.241512,-0.11022 -2.568067,-0.27282 -2.947898,-0.36133 -0.663886,-0.1547 -0.711651,-0.14357 -1.234645,0.28752 -0.299223,0.24665 -0.620307,0.44845 -0.713521,0.44845 -0.09321,0 -0.211158,-0.16607 -0.2621,-0.36904 -0.05094,-0.20296 -0.254649,-0.44285 -0.452683,-0.53308 -0.198034,-0.0902 -0.360062,-0.21269 -0.360062,-0.27213 0,-0.0594 -0.442357,-0.23952 -0.983016,-0.40017 -0.540659,-0.16066 -1.179619,-0.32883 -1.419911,-0.37372 -0.240293,-0.0449 -0.731801,-0.11818 -1.09224,-0.16287 -0.360439,-0.0447 -1.114084,-0.14488 -1.674767,-0.22265 -0.560683,-0.0778 -3.848352,-0.15793 -7.305932,-0.17815 -3.457579,-0.0202 -6.33127,-0.0815 -6.38598,-0.13629 -0.05471,-0.0547 -0.05781,-0.16694 -0.0069,-0.24932 0.06098,-0.0987 2.234734,-0.15251 6.370399,-0.15777 3.452804,-0.004 6.448673,-0.045 6.657487,-0.0902 0.208814,-0.0452 0.543498,-0.13708 0.743742,-0.20416 0.200244,-0.0671 0.532214,-0.15826 0.737712,-0.20264 0.205497,-0.0444 0.526813,-0.21354 0.714035,-0.37592 0.187221,-0.16238 0.437545,-0.29523 0.556275,-0.29523 0.11873,0 0.358067,0.14745 0.53186,0.32767 0.173792,0.18022 0.50682,0.47513 0.740063,0.65535 0.233242,0.18022 0.533909,0.32767 0.668148,0.32767 0.134239,0 0.278409,0.0895 0.320377,0.19885 0.04197,0.10936 0.596833,0.3715 1.233034,0.58252 0.636201,0.21103 1.259538,0.38368 1.385193,0.38368 0.125655,0 0.331665,-0.1032 0.457799,-0.22933 0.126135,-0.12614 0.900845,-0.4577 1.721578,-0.7368 0.820733,-0.27911 2.016516,-0.57538 2.657297,-0.65838 0.64078,-0.083 1.709394,-0.11121 2.374698,-0.0627 0.665303,0.0485 1.78645,0.21669 2.491439,0.37372 0.704989,0.15704 1.471337,0.3586 1.702997,0.44792 0.231659,0.0893 0.748871,0.21521 1.149359,0.27974 0.439826,0.0709 1.068071,0.0542 1.586576,-0.0421 0.639148,-0.11872 0.988446,-0.28208 1.367466,-0.63954 0.279978,-0.26406 0.560843,-0.4801 0.624145,-0.4801 0.0633,0 0.05468,0.21299 -0.01915,0.4733 -0.07383,0.26032 -0.468268,0.79654 -0.876519,1.19161 -0.656277,0.63509 -0.732016,0.7696 -0.653725,1.16106 0.0487,0.24351 0.300258,0.66264 0.559013,0.93141 0.258755,0.26877 0.86005,0.72931 1.336212,1.02343 0.476162,0.29411 0.918519,0.51837 0.983016,0.49835 0.0645,-0.02 0.117266,0.0247 0.117266,0.0994 0,0.0747 0.131069,0.17742 0.291264,0.22826 0.160195,0.0508 0.291264,0.15356 0.291264,0.22826 0,0.0747 -0.114685,0.13275 -0.254856,0.12901 z m -12.560754,-3.51711 c 0.841024,0.0242 2.407715,-0.0274 3.481534,-0.1147 1.07382,-0.0873 2.013504,-0.19654 2.088187,-0.2427 0.07468,-0.0462 -0.197879,-0.27448 -0.605694,-0.50739 -0.520322,-0.29717 -1.099267,-0.47163 -1.941026,-0.58492 -0.659749,-0.0888 -1.888343,-0.12701 -2.730208,-0.0849 -0.996248,0.0498 -1.886587,0.19006 -2.550088,0.40177 -0.560683,0.17891 -1.199644,0.39839 -1.419912,0.48774 -0.220268,0.0894 -0.400488,0.20729 -0.400488,0.26207 0,0.0548 0.344056,0.13712 0.764568,0.18298 0.420512,0.0459 0.993938,0.0997 1.274279,0.1197 0.280342,0.02 1.197823,0.0562 2.038848,0.0804 z"
           id="path43" /><path
           style="fill:#4b4b4b;fill-opacity:1;stroke:none"
           d="m 82.39438,150.83403 c 0.14017,-0.004 0.56282,-0.12722 0.93921,-0.27439 0.3764,-0.14716 0.72046,-0.23147 0.76457,-0.18736 0.0441,0.0441 0.0802,0.0169 0.0802,-0.0604 0,-0.0774 0.24109,-0.22783 0.53575,-0.33438 0.29467,-0.10655 1.2103,-0.65138 2.03475,-1.21072 1.37658,-0.93394 1.54393,-1.00956 2.04921,-0.92596 0.30262,0.0501 1.56601,0.14933 2.80752,0.22057 1.6604,0.0953 2.85419,0.0765 4.51459,-0.0709 1.24151,-0.11022 2.56807,-0.27282 2.9479,-0.36133 0.66388,-0.1547 0.71165,-0.14357 1.23464,0.28752 0.29923,0.24665 0.62031,0.44845 0.71352,0.44845 0.0932,0 0.21116,-0.16607 0.2621,-0.36904 0.0509,-0.20296 0.25465,-0.44285 0.45269,-0.53308 0.19803,-0.0902 0.36006,-0.21269 0.36006,-0.27213 0,-0.0594 0.44236,-0.23952 0.98301,-0.40017 0.54066,-0.16066 1.17962,-0.32883 1.41991,-0.37372 0.2403,-0.0449 0.73181,-0.11818 1.09224,-0.16287 0.36044,-0.0447 1.11409,-0.14488 1.67477,-0.22265 0.56068,-0.0778 3.84835,-0.15793 7.30593,-0.17815 3.45758,-0.0202 6.33127,-0.0815 6.38598,-0.13629 0.0547,-0.0547 0.0578,-0.16694 0.007,-0.24932 -0.061,-0.0987 -2.23473,-0.15251 -6.3704,-0.15777 -3.4528,-0.004 -6.44867,-0.045 -6.65748,-0.0902 -0.20882,-0.0452 -0.5435,-0.13708 -0.74374,-0.20416 -0.20025,-0.0671 -0.53222,-0.15826 -0.73772,-0.20264 -0.20549,-0.0444 -0.52681,-0.21354 -0.71403,-0.37592 -0.18722,-0.16238 -0.43755,-0.29523 -0.55628,-0.29523 -0.11873,0 -0.35806,0.14745 -0.53186,0.32767 -0.17379,0.18022 -0.50682,0.47513 -0.74006,0.65535 -0.23324,0.18022 -0.53391,0.32767 -0.66815,0.32767 -0.13424,0 -0.27841,0.0895 -0.32037,0.19885 -0.042,0.10936 -0.59684,0.3715 -1.23304,0.58252 -0.6362,0.21103 -1.25954,0.38368 -1.38519,0.38368 -0.12566,0 -0.33167,-0.1032 -0.4578,-0.22933 -0.12613,-0.12614 -0.90084,-0.4577 -1.72158,-0.7368 -0.82073,-0.27911 -2.01651,-0.57538 -2.65729,-0.65838 -0.64078,-0.083 -1.7094,-0.11121 -2.3747,-0.0627 -0.66531,0.0485 -1.78645,0.21669 -2.49144,0.37372 -0.70499,0.15704 -1.47134,0.3586 -1.703,0.44792 -0.23166,0.0893 -0.74887,0.21521 -1.14936,0.27974 -0.43982,0.0709 -1.06807,0.0542 -1.58657,-0.0421 -0.63915,-0.11872 -0.98845,-0.28208 -1.36747,-0.63954 -0.27998,-0.26406 -0.56084,-0.4801 -0.62414,-0.4801 -0.0633,0 -0.0547,0.21299 0.0192,0.4733 0.0738,0.26032 0.46826,0.79654 0.87651,1.19161 0.65628,0.63509 0.73202,0.7696 0.65373,1.16106 -0.0487,0.24351 -0.30026,0.66264 -0.55901,0.93141 -0.25876,0.26877 -0.86005,0.72931 -1.33622,1.02343 -0.47616,0.29411 -0.91851,0.51837 -0.98301,0.49835 -0.0645,-0.02 -0.11727,0.0247 -0.11727,0.0994 0,0.0747 -0.13107,0.17742 -0.29126,0.22826 -0.1602,0.0508 -0.29127,0.15356 -0.29127,0.22826 0,0.0747 0.11469,0.13275 0.25486,0.12901 z m 12.56075,-3.51711 c -0.84102,0.0242 -2.40771,-0.0274 -3.48153,-0.1147 -1.07382,-0.0873 -2.01351,-0.19654 -2.08819,-0.2427 -0.0747,-0.0462 0.19788,-0.27448 0.60569,-0.50739 0.52033,-0.29717 1.09927,-0.47163 1.94103,-0.58492 0.65975,-0.0888 1.88834,-0.12701 2.73021,-0.0849 0.99625,0.0498 1.88659,0.19006 2.55009,0.40177 0.56068,0.17891 1.19964,0.39839 1.41991,0.48774 0.22027,0.0894 0.40049,0.20729 0.40049,0.26207 0,0.0548 -0.34406,0.13712 -0.76457,0.18298 -0.42051,0.0459 -0.99394,0.0997 -1.27428,0.1197 -0.28034,0.02 -1.19782,0.0562 -2.03885,0.0804 z"
           id="path45-1-4" /></g><g
         id="g59"
         style="opacity:0.5;filter:url(#filter59)"
         transform="translate(0,4.2693749)"><path
           id="path57"
           style="fill:#4b4b4b;fill-opacity:1;stroke-width:5.08;stroke-linejoin:round;paint-order:stroke markers fill"
           d="m 81.015494,140.64716 c -0.106718,-0.0104 -0.191955,0.12213 -0.230015,0.38818 -0.142577,0.9966 -0.397187,1.82514 -0.763805,2.48569 0,0 -0.817787,0.80682 -1.104075,1.29721 -0.647872,1.10977 -1.329205,2.55895 -0.782054,3.72169 0.494939,1.05177 1.531377,1.37413 2.717988,1.34816 1.256838,-0.0275 2.258009,-0.3398 2.925572,-0.94363 0.737332,-0.66694 0.237798,-2.69968 -0.367265,-3.74033 -0.275055,-0.47306 -1.076702,-1.56372 -1.076702,-1.56372 -0.176476,-0.87859 -0.55805,-1.77485 -1.044005,-2.70544 -0.09677,-0.18532 -0.192636,-0.27972 -0.275639,-0.28781 z m 1.017012,5.21851 c 0.379258,8e-5 0.456746,0.68387 0.502613,1.08279 0.04041,0.35142 0.01173,0.83785 -0.33761,0.89344 -0.385022,0.0613 -0.479728,-0.4855 -0.540251,-0.87064 -0.06153,-0.39155 -0.05625,-1.0588 0.337609,-1.10331 0.01287,-0.001 0.0254,-0.002 0.03764,-0.002 z m -1.937455,0.14333 c 0.01187,9e-5 0.02417,6.7e-4 0.0365,0.002 0.412496,0.0413 0.329107,0.65596 0.281722,1.00978 -0.04044,0.30196 -0.179111,0.70363 -0.532648,0.68207 -0.38965,-0.0238 -0.358098,-0.50005 -0.329626,-0.83414 0.02804,-0.32906 0.176199,-0.86253 0.544054,-0.85962 z" /><path
           style="fill:#4b4b4b;fill-opacity:1;stroke:none"
           d="m 79.621611,150.83076 c -0.14017,-0.004 -0.562818,-0.12722 -0.939216,-0.27439 -0.376398,-0.14716 -0.720453,-0.23147 -0.764567,-0.18736 -0.04411,0.0441 -0.08021,0.0169 -0.08021,-0.0604 0,-0.0774 -0.241089,-0.22783 -0.535753,-0.33438 -0.294664,-0.10655 -1.210299,-0.65138 -2.034746,-1.21072 -1.37658,-0.93394 -1.543926,-1.00956 -2.049214,-0.92596 -0.302621,0.0501 -1.566004,0.14933 -2.807516,0.22057 -1.660401,0.0953 -2.854189,0.0765 -4.51459,-0.0709 -1.241512,-0.11022 -2.568067,-0.27282 -2.947898,-0.36133 -0.663886,-0.1547 -0.711651,-0.14357 -1.234645,0.28752 -0.299223,0.24665 -0.620307,0.44845 -0.713521,0.44845 -0.09321,0 -0.211158,-0.16607 -0.2621,-0.36904 -0.05094,-0.20296 -0.254649,-0.44285 -0.452683,-0.53308 -0.198034,-0.0902 -0.360062,-0.21269 -0.360062,-0.27213 0,-0.0594 -0.442357,-0.23952 -0.983016,-0.40017 -0.540659,-0.16066 -1.179619,-0.32883 -1.419911,-0.37372 -0.240293,-0.0449 -0.731801,-0.11818 -1.09224,-0.16287 -0.360439,-0.0447 -1.114084,-0.14488 -1.674767,-0.22265 -0.560683,-0.0778 -3.848352,-0.15793 -7.305932,-0.17815 -3.457579,-0.0202 -6.33127,-0.0815 -6.38598,-0.13629 -0.05471,-0.0547 -0.05781,-0.16694 -0.0069,-0.24932 0.06098,-0.0987 2.234734,-0.15251 6.370399,-0.15777 3.452804,-0.004 6.448673,-0.045 6.657487,-0.0902 0.208814,-0.0452 0.543498,-0.13708 0.743742,-0.20416 0.200244,-0.0671 0.532214,-0.15826 0.737712,-0.20264 0.205497,-0.0444 0.526813,-0.21354 0.714035,-0.37592 0.187221,-0.16238 0.437545,-0.29523 0.556275,-0.29523 0.11873,0 0.358067,0.14745 0.53186,0.32767 0.173792,0.18022 0.50682,0.47513 0.740063,0.65535 0.233242,0.18022 0.533909,0.32767 0.668148,0.32767 0.134239,0 0.278409,0.0895 0.320377,0.19885 0.04197,0.10936 0.596833,0.3715 1.233034,0.58252 0.636201,0.21103 1.259538,0.38368 1.385193,0.38368 0.125655,0 0.331665,-0.1032 0.457799,-0.22933 0.126135,-0.12614 0.900845,-0.4577 1.721578,-0.7368 0.820733,-0.27911 2.016516,-0.57538 2.657297,-0.65838 0.64078,-0.083 1.709394,-0.11121 2.374698,-0.0627 0.665303,0.0485 1.78645,0.21669 2.491439,0.37372 0.704989,0.15704 1.471337,0.3586 1.702997,0.44792 0.231659,0.0893 0.748871,0.21521 1.149359,0.27974 0.439826,0.0709 1.068071,0.0542 1.586576,-0.0421 0.639148,-0.11872 0.988446,-0.28208 1.367466,-0.63954 0.279978,-0.26406 0.560843,-0.4801 0.624145,-0.4801 0.0633,0 0.05468,0.21299 -0.01915,0.4733 -0.07383,0.26032 -0.468268,0.79654 -0.876519,1.19161 -0.656277,0.63509 -0.732016,0.7696 -0.653725,1.16106 0.0487,0.24351 0.300258,0.66264 0.559013,0.93141 0.258755,0.26877 0.86005,0.72931 1.336212,1.02343 0.476162,0.29411 0.918519,0.51837 0.983016,0.49835 0.0645,-0.02 0.117266,0.0247 0.117266,0.0994 0,0.0747 0.131069,0.17742 0.291264,0.22826 0.160195,0.0508 0.291264,0.15356 0.291264,0.22826 0,0.0747 -0.114685,0.13275 -0.254856,0.12901 z m -12.560754,-3.51711 c 0.841024,0.0242 2.407715,-0.0274 3.481534,-0.1147 1.07382,-0.0873 2.013504,-0.19654 2.088187,-0.2427 0.07468,-0.0462 -0.197879,-0.27448 -0.605694,-0.50739 -0.520322,-0.29717 -1.099267,-0.47163 -1.941026,-0.58492 -0.659749,-0.0888 -1.888343,-0.12701 -2.730208,-0.0849 -0.996248,0.0498 -1.886587,0.19006 -2.550088,0.40177 -0.560683,0.17891 -1.199644,0.39839 -1.419912,0.48774 -0.220268,0.0894 -0.400488,0.20729 -0.400488,0.26207 0,0.0548 0.344056,0.13712 0.764568,0.18298 0.420512,0.0459 0.993938,0.0997 1.274279,0.1197 0.280342,0.02 1.197823,0.0562 2.038848,0.0804 z"
           id="path58" /><path
           style="fill:#4b4b4b;fill-opacity:1;stroke:none"
           d="m 82.39438,150.83403 c 0.14017,-0.004 0.56282,-0.12722 0.93921,-0.27439 0.3764,-0.14716 0.72046,-0.23147 0.76457,-0.18736 0.0441,0.0441 0.0802,0.0169 0.0802,-0.0604 0,-0.0774 0.24109,-0.22783 0.53575,-0.33438 0.29467,-0.10655 1.2103,-0.65138 2.03475,-1.21072 1.37658,-0.93394 1.54393,-1.00956 2.04921,-0.92596 0.30262,0.0501 1.56601,0.14933 2.80752,0.22057 1.6604,0.0953 2.85419,0.0765 4.51459,-0.0709 1.24151,-0.11022 2.56807,-0.27282 2.9479,-0.36133 0.66388,-0.1547 0.71165,-0.14357 1.23464,0.28752 0.29923,0.24665 0.62031,0.44845 0.71352,0.44845 0.0932,0 0.21116,-0.16607 0.2621,-0.36904 0.0509,-0.20296 0.25465,-0.44285 0.45269,-0.53308 0.19803,-0.0902 0.36006,-0.21269 0.36006,-0.27213 0,-0.0594 0.44236,-0.23952 0.98301,-0.40017 0.54066,-0.16066 1.17962,-0.32883 1.41991,-0.37372 0.2403,-0.0449 0.73181,-0.11818 1.09224,-0.16287 0.36044,-0.0447 1.11409,-0.14488 1.67477,-0.22265 0.56068,-0.0778 3.84835,-0.15793 7.30593,-0.17815 3.45758,-0.0202 6.33127,-0.0815 6.38598,-0.13629 0.0547,-0.0547 0.0578,-0.16694 0.007,-0.24932 -0.061,-0.0987 -2.23473,-0.15251 -6.3704,-0.15777 -3.4528,-0.004 -6.44867,-0.045 -6.65748,-0.0902 -0.20882,-0.0452 -0.5435,-0.13708 -0.74374,-0.20416 -0.20025,-0.0671 -0.53222,-0.15826 -0.73772,-0.20264 -0.20549,-0.0444 -0.52681,-0.21354 -0.71403,-0.37592 -0.18722,-0.16238 -0.43755,-0.29523 -0.55628,-0.29523 -0.11873,0 -0.35806,0.14745 -0.53186,0.32767 -0.17379,0.18022 -0.50682,0.47513 -0.74006,0.65535 -0.23324,0.18022 -0.53391,0.32767 -0.66815,0.32767 -0.13424,0 -0.27841,0.0895 -0.32037,0.19885 -0.042,0.10936 -0.59684,0.3715 -1.23304,0.58252 -0.6362,0.21103 -1.25954,0.38368 -1.38519,0.38368 -0.12566,0 -0.33167,-0.1032 -0.4578,-0.22933 -0.12613,-0.12614 -0.90084,-0.4577 -1.72158,-0.7368 -0.82073,-0.27911 -2.01651,-0.57538 -2.65729,-0.65838 -0.64078,-0.083 -1.7094,-0.11121 -2.3747,-0.0627 -0.66531,0.0485 -1.78645,0.21669 -2.49144,0.37372 -0.70499,0.15704 -1.47134,0.3586 -1.703,0.44792 -0.23166,0.0893 -0.74887,0.21521 -1.14936,0.27974 -0.43982,0.0709 -1.06807,0.0542 -1.58657,-0.0421 -0.63915,-0.11872 -0.98845,-0.28208 -1.36747,-0.63954 -0.27998,-0.26406 -0.56084,-0.4801 -0.62414,-0.4801 -0.0633,0 -0.0547,0.21299 0.0192,0.4733 0.0738,0.26032 0.46826,0.79654 0.87651,1.19161 0.65628,0.63509 0.73202,0.7696 0.65373,1.16106 -0.0487,0.24351 -0.30026,0.66264 -0.55901,0.93141 -0.25876,0.26877 -0.86005,0.72931 -1.33622,1.02343 -0.47616,0.29411 -0.91851,0.51837 -0.98301,0.49835 -0.0645,-0.02 -0.11727,0.0247 -0.11727,0.0994 0,0.0747 -0.13107,0.17742 -0.29126,0.22826 -0.1602,0.0508 -0.29127,0.15356 -0.29127,0.22826 0,0.0747 0.11469,0.13275 0.25486,0.12901 z m 12.56075,-3.51711 c -0.84102,0.0242 -2.40771,-0.0274 -3.48153,-0.1147 -1.07382,-0.0873 -2.01351,-0.19654 -2.08819,-0.2427 -0.0747,-0.0462 0.19788,-0.27448 0.60569,-0.50739 0.52033,-0.29717 1.09927,-0.47163 1.94103,-0.58492 0.65975,-0.0888 1.88834,-0.12701 2.73021,-0.0849 0.99625,0.0498 1.88659,0.19006 2.55009,0.40177 0.56068,0.17891 1.19964,0.39839 1.41991,0.48774 0.22027,0.0894 0.40049,0.20729 0.40049,0.26207 0,0.0548 -0.34406,0.13712 -0.76457,0.18298 -0.42051,0.0459 -0.99394,0.0997 -1.27428,0.1197 -0.28034,0.02 -1.19782,0.0562 -2.03885,0.0804 z"
           id="path59" /></g></g></g></svg>
